22 3
3 176 275 16 32 0
0 0 0 0
3 432 275 16 32 0
1 1 0 0
3 688 275 16 32 0
2 2 0 0
3 944 275 16 32 0
3 3 0 0
3 1200 275 16 32 0
4 4 0 0
3 48 336 16 32 4
0 0 0 0
3 304 336 16 32 7
1 1 0 0
3 560 336 16 32 8
2 2 0 0
3 816 336 16 32 13
3 3 0 0
3 1072 336 16 32 0
4 4 0 0
3 1456 336 16 32 3
5 5 0 0
3 1844 336 16 32 4
7 7 0 0
3 2102 336 16 32 4
8 8 0 0
3 2230 336 16 32 0
8 8 0 0
3 2358 336 16 32 0
9 9 0 0
3 2486 336 16 32 0
9 9 0 0
3 2610 336 16 32 0
10 10 0 0
3 2745 275 16 32 0
10 10 0 0
3 1328 144 16 32 0
5 5 0 0
3 1718 144 16 32 13
6 6 0 0
3 1974 144 16 32 0
7 7 0 0
3 2870 144 16 32 0
11 11 0 0
3 1584 80 16 32 1
6 6 0 0
3 2998 80 16 32 8
11 11 0 0
3 3256 144 16 32 1
12 12 0 0
3 3384 112 16 32 0
13 13 0 0
3 3672 112 16 32 0
14 14 0 0
3 3768 336 16 32 0
14 14 0 0
3 3896 80 16 32 8
15 15 0 0
3 4024 144 16 32 0
15 15 0 0
3 3128 336 16 32 0
12 12 0 0
3 3512 275 16 32 0
13 13 0 0
3 4152 275 16 32 1
16 16 0 0
3 4280 144 16 32 0
16 16 0 0
3 4408 208 16 32 0
17 17 0 0
3 4536 144 16 32 10
17 17 0 0
3 4664 336 16 32 0
18 18 0 0
3 4792 275 16 32 9
18 18 0 0
3 4920 336 16 32 0
19 19 0 0
3 5048 336 16 32 0
19 19 0 0
3 5176 275 16 32 1
20 20 0 0
3 5304 336 16 32 0
20 20 0 0
3 5432 275 16 32 0
21 21 0 0
3 5560 275 16 32 1
21 21 0 0
3 3192 592 16 32 4
12 12 1 1
3 3320 592 16 32 0
12 13 1 1
3 3448 592 16 32 0
13 13 1 1
3 3576 592 16 32 4
13 14 1 1
3 3704 592 16 32 7
14 14 1 1
3 3832 592 16 32 0
14 15 1 1
3 3960 592 16 32 0
15 15 1 1
3 4120 592 16 32 1
16 16 1 1
2 0 400 5632 32 1
0 22 0 1
2 1376 272 90 32 1
5 5 0 0
2 1507 208 320 30 1
5 7 0 0
2 2016 272 32 32 3
7 8 0 0
2 1860 272 156 32 1
7 7 0 0
2 2784 208 544 32 1
10 13 0 0
2 3056 240 32 160 2
11 12 0 0
2 3328 272 96 32 1
13 13 0 0
2 3584 240 128 96 1
14 14 0 0
2 3616 336 96 64 1
14 14 0 0
2 3584 336 32 32 4
14 14 0 0
2 3584 368 32 32 5
14 14 0 0
2 3136 720 448 32 1
12 14 1 1
2 3648 720 64 32 1
14 14 1 1
2 3328 656 64 32 1
13 13 1 1
2 3776 720 288 32 1
14 15 1 1
2 4064 720 32 32 6
15 16 1 1
2 4096 784 64 32 1
16 16 1 1
2 4032 848 64 32 1
15 16 2 2
2 3712 240 64 32 1
14 14 0 0
2 3776 272 96 32 1
14 15 0 0
2 3904 208 410 32 1
15 16 0 0
2 4352 272 352 32 1
17 18 0 0
2 5536 272 96 32 1
21 22 0 0
2 5440 336 32 32 1
21 21 0 0
2 5472 336 32 32 7
21 21 0 0
2 4032 80 64 32 1
15 16 0 0
4 3056 120 104 80 8
11 12 0 0
4 4080 120 104 80 8
15 16 0 0
4 1365 237 8 8 3
5 5 0 0
4 1493 176 8 25 3
5 5 0 0
4 1818 237 8 25 3
7 7 0 0
4 1504 237 8 25 3
5 5 0 0
4 1824 176 8 25 3
7 7 0 0
4 2058 237 8 25 3
8 8 0 0
4 1220 368 42 32 4
4 4 0 0
4 1355 179 42 32 5
5 5 0 0
4 1412 240 42 32 4
5 5 0 0
4 1480 115 42 32 5
5 5 0 0
4 2565 368 42 32 4
10 10 0 0
4 2760 115 42 32 5
10 10 0 0
4 5510 179 42 32 5
21 21 0 0
4 5445 304 42 32 4
21 21 0 0
4 1860 240 42 32 6
7 7 0 0
4 1800 115 42 32 7
7 7 0 0
4 3522 368 42 32 6
13 13 0 0
4 3400 179 42 32 7
13 13 0 0
4 3136 307 42 32 7
12 12 0 0
4 3298 624 42 32 6
12 13 1 1
4 4000 688 42 32 6
15 15 1 1
4 3770 307 42 32 7
14 14 0 0
4 3840 179 42 32 7
15 15 0 0
4 3970 368 42 32 6
15 15 0 0
4 4355 240 42 32 6
17 17 0 0
4 4290 115 42 32 7
16 16 0 0
4 4675 179 42 32 7
18 18 0 0
4 4800 368 42 32 6
18 18 0 0
4 3200 400 10 20 9
12 12 0 1
4 3250 520 10 20 10
12 12 1 1
4 3840 400 10 20 9
15 15 0 1
4 3890 520 10 20 10
15 15 1 1
4 5304 100 42 42 11
20 20 0 0
5 1380 238 48 30 -1
5 5 0 0
5 1760 130 48 30 -1
6 7 0 0
5 1888 238 48 30 -1
7 7 0 0
6 5304 112 96 46 0
20 21 0 0