3 176 195 16 32 0
3 432 195 16 32 0
3 688 195 16 32 0
3 944 195 16 32 0
3 1200 195 16 32 0
3 48 256 16 32 4
3 304 256 16 32 0
3 560 256 16 32 0
3 816 256 16 32 0
3 1072 256 16 32 0
3 1456 256 16 32 3
3 1844 256 16 32 3
3 2102 256 16 32 0
3 2230 256 16 32 0
3 2358 256 16 32 0
3 2486 256 16 32 0
3 2610 256 16 32 0
3 2745 195 16 32 0
3 1328 64 16 32 13
3 1718 64 16 32 0
3 1974 64 16 32 0
3 2870 64 16 32 0
3 1584 0 16 32 1
3 2998 0 16 32 1
3 3256 64 16 32 1
3 3384 32 16 32 0
3 3672 32 16 32 0
3 3128 256 16 32 0
3 3512 195 16 32 0
3 3192 416 16 32 0
3 3320 416 16 32 0
3 3448 416 16 32 0
3 3576 416 16 32 0
3 3704 416 16 32 0
3 3832 416 16 32 0
3 3960 416 16 32 0
3 4120 416 16 32 0
2 0 320 6000 32 1
2 1376 192 90 32 1
2 1507 128 315 32 1
2 1860 192 186 32 1
2 2784 128 544 32 1
2 3056 160 32 160 2
2 3328 192 96 32 1
2 3584 160 128 96 1
2 3616 256 96 64 1
2 3136 544 448 32 1
2 3648 544 64 32 1
2 3328 480 64 32 3
2 3776 544 320 32 1
2 4096 608 64 32 1
2 4032 672 64 32 1
2 4144 384 16 224 1
4 3056 40 16 80 8
4 1365 157 8 8 3
4 1493 96 8 25 3
4 1818 157 8 25 3
4 1220 288 42 32 4 
4 1355 99 42 32 5
4 1412 160 42 32 4 
4 1480 35 42 32 5
4 2565 288 42 32 4 
4 2760 35 42 32 5
4 1860 160 42 32 6 
4 1800 35 42 32 7
4 3522 288 42 32 6
4 3400 99 42 32 7
4 3136 227 42 32 7
4 3298 448 42 32 6
4 4000 512 42 32 6
4 3770 227 42 32 7