s 40
4 0 8 60 66
1 1 8 60 66
1 2 8 60 66
1 3 8 60 66
10 4 8 60 66
13 5 8 60 66
13 6 8 60 66
13 7 8 60 66
15 15 8 60 66
15 16 8 60 66
15 17 8 60 66
5 31 8 60 66
2 30 8 60 66
2 29 8 60 66
2 28 8 60 66
9 27 8 60 66
14 26 8 60 66
14 25 8 60 66
14 24 8 60 66
16 32 8 60 66
16 47 8 60 66
16 46 8 60 66
17 12 8 60 66
17 13 8 60 66
19 10 8 60 66
20 21 8 60 66
20 22 8 60 66
20 23 8 60 66
21 18 8 60 66
21 19 8 60 66
21 20 8 60 66
22 35 8 60 66
22 36 8 60 66
24 37 8 60 66
25 42 8 60 66
25 41 8 60 66
25 40 8 60 66
26 45 8 60 66
26 44 8 60 66
26 43 8 60 66
w 21
3 0 4 160 68
3 1 4 160 68
3 2 4 160 68
3 3 4 160 68
4 4 4 160 68
4 5 4 160 68
4 6 4 160 68
5 8 4 160 68
5 9 4 160 68
5 10 4 160 68
0 15 4 160 68
0 14 4 160 68
0 13 4 160 68
1 19 4 160 68
1 18 4 160 68
1 17 4 160 68
2 23 4 160 68
2 22 4 160 68
2 21 4 160 68
10 4 5 160 68
10 19 5 160 68
lc 4
7 0 4 32 64
7 1 4 32 64
7 2 4 32 64
7 3 4 32 64
hd 15
9 0 13 42 42
9 1 13 42 42
9 2 13 42 42
9 3 13 42 42
9 4 13 42 42
9 5 13 42 42
9 6 13 42 42
9 7 13 42 42
9 8 13 42 42
9 9 13 42 42
9 10 13 42 42
9 11 13 42 42
9 12 13 42 42
9 13 13 42 42
9 14 13 42 42
e 4
0 0 4 43 50
0 1 4 43 50
0 2 4 43 50
0 3 4 43 50




